0 49 18 12 16 0 0 0 0 0 0 51 0 0 0 0 10 57 56 63 45 0 21 50 8 58 68 0 0 68 16 57 0 66 72 9 0 16 15 35 0 54 21 69 0 0 45 66 36 47 33 0 0 9 27 0 43 28 51 70 67 19 26 0 0 8 10 12 0 43 0 0 24 20 10 0 49 42 26 38 26 25 10 66 0 0 10 34 74 58 11 53 32 0 0 28 36 18 0 58
15 0 66 0 59 63 0 64 19 48 0 14 10 32 0 0 53 47 15 34 44 0 5 64 64 10 7 0 10 47 74 0 70 55 28 0 48 39 34 0 0 35 56 56 0 40 0 28 11 0 0 8 20 0 69 0 11 0 75 0 29 63 59 0 74 0 42 49 0 65 46 0 0 71 62 15 21 0 73 60 0 57 12 17 73 8 0 22 12 0 0 70 20 55 0 55 11 0 0 0
0 22 0 26 10 59 0 0 14 65 30 62 41 51 0 48 11 34 29 41 29 48 57 0 39 43 71 34 0 0 0 74 65 17 39 0 6 58 60 69 0 0 0 0 68 60 55 52 19 33 9 28 63 48 32 38 9 0 59 0 64 48 44 24 54 72 16 21 0 0 0 43 55 27 0 0 53 0 57 0 25 66 26 17 69 0 0 0 0 47 58 0 0 50 71 25 26 43 9 29
0 52 0 0 0 75 0 34 75 0 59 40 47 0 46 34 66 49 0 6 55 0 50 25 0 0 46 46 0 16 16 28 27 0 16 0 46 17 72 68 0 0 75 56 57 73 0 72 0 0 43 30 15 29 5 11 0 71 38 0 71 8 34 0 0 11 0 0 33 0 14 53 39 0 68 68 0 6 0 25 75 40 21 0 13 5 72 55 32 0 36 65 67 54 69 25 66 63 16 18
7 64 43 0 0 0 0 52 0 57 0 26 0 70 0 62 0 36 67 30 38 0 20 21 71 6 60 16 0 23 58 0 0 48 32 0 35 7 70 0 46 0 0 33 58 36 69 34 15 9 45 0 7 48 49 0 62 36 55 72 37 32 49 75 0 0 24 23 31 0 16 63 40 23 67 0 0 68 0 23 14 0 23 46 0 70 29 74 0 66 15 20 0 62 0 61 26 47 0 0
5 0 19 0 69 0 0 64 39 27 59 61 36 16 65 49 14 0 8 23 0 0 37 0 62 59 28 16 0 0 0 45 20 40 0 17 29 19 0 58 45 0 26 6 23 68 35 0 0 0 47 0 69 51 69 16 8 29 0 19 44 33 0 5 41 71 0 58 74 0 0 12 16 20 74 36 53 28 54 0 29 60 15 15 0 0 71 0 31 9 0 8 64 0 42 0 0 48 69 7
41 47 44 32 43 57 0 0 24 48 60 61 0 12 38 49 0 19 59 0 69 0 32 68 0 47 55 53 21 0 0 7 62 0 23 72 20 32 0 63 0 0 39 46 0 61 25 0 0 10 38 0 0 69 20 19 0 54 21 62 51 50 19 27 59 13 65 0 0 68 46 0 41 5 65 56 0 38 33 51 53 0 0 0 0 40 34 57 0 8 0 60 54 23 0 45 21 61 25 61
8 62 18 0 6 11 0 0 0 39 11 45 0 17 0 42 0 68 51 6 68 41 0 0 60 0 63 0 13 49 0 0 23 43 61 26 0 0 42 0 73 0 15 0 46 0 0 0 0 20 25 10 74 12 62 22 0 9 36 47 0 52 65 0 12 0 0 36 0 64 38 68 68 0 69 43 18 40 66 63 18 68 53 16 36 35 49 20 71 59 58 73 59 44 0 0 72 62 53 36
0 27 0 70 27 42 50 0 0 0 57 0 28 11 54 0 55 12 0 66 0 0 6 38 0 0 0 0 38 0 18 17 64 0 22 47 14 0 0 61 0 0 0 0 68 68 19 40 0 13 60 0 16 54 0 57 36 67 47 0 28 10 32 66 10 14 65 31 67 0 22 40 32 0 13 59 37 30 0 0 28 28 52 49 11 36 36 0 0 0 30 0 27 72 58 9 0 50 24 35
59 0 56 8 45 23 15 43 44 0 74 0 0 29 10 0 0 42 0 37 16 0 10 64 66 28 0 20 0 6 31 48 31 20 70 0 57 25 36 70 0 43 22 65 47 73 0 0 6 39 69 52 14 0 0 72 65 43 59 21 57 0 0 0 29 30 6 0 10 38 47 0 0 46 21 9 67 56 0 67 0 41 39 17 0 45 43 0 43 0 0 56 32 35 56 16 24 0 0 24
47 16 55 37 0 58 22 0 74 54 0 20 0 51 30 37 23 62 15 50 0 67 0 38 72 28 68 24 27 41 59 10 66 57 52 0 14 0 22 0 0 34 73 53 26 60 48 0 0 22 6 0 14 19 68 67 15 0 0 0 50 0 0 0 14 65 65 69 75 12 70 0 61 73 0 10 42 54 0 39 33 0 53 30 0 60 0 62 18 0 69 42 0 75 64 0 0 6 31 10
21 28 0 0 53 27 0 28 0 0 0 0 58 0 0 59 62 0 43 62 31 39 52 12 18 0 56 65 11 48 5 43 73 54 22 0 36 31 33 28 0 0 30 41 0 51 0 18 58 26 50 11 0 27 22 0 69 67 0 0 70 70 0 65 36 51 62 0 69 48 54 72 9 0 67 43 71 26 39 53 67 50 59 0 34 11 13 22 43 0 39 60 53 34 60 24 61 57 0 44
39 0 11 69 0 0 0 0 65 29 0 0 0 0 0 56 56 0 0 61 17 0 0 8 0 0 19 46 0 44 68 10 0 0 64 0 0 19 34 29 58 74 0 5 8 14 29 0 20 18 69 42 20 6 18 6 35 59 22 0 0 71 40 46 55 0 0 13 0 0 57 15 48 0 39 54 67 45 14 57 71 0 52 48 34 39 0 23 46 0 0 19 44 0 0 44 74 67 75 65
5 33 19 0 70 0 0 70 13 32 0 22 0 0 42 0 23 44 67 0 63 0 59 0 69 0 27 64 8 0 66 51 72 9 16 73 60 60 39 14 14 71 63 0 42 0 29 70 0 72 71 54 0 0 0 71 73 60 33 29 45 54 28 74 32 27 38 26 74 0 29 0 19 61 0 12 36 0 35 0 73 48 40 15 0 0 75 27 0 0 32 51 0 23 30 45 35 0 0 0
34 0 43 0 74 67 65 46 0 11 0 16 0 0 0 45 0 0 29 0 0 33 17 49 36 54 0 69 73 13 52 0 33 0 0 74 22 67 23 0 45 37 0 66 73 0 74 12 19 0 34 38 12 30 0 26 49 62 18 55 42 6 11 40 13 68 61 0 0 0 48 17 70 0 65 0 71 0 48 31 0 34 0 39 0 5 0 62 0 40 0 55 17 51 0 28 48 0 70 23
14 0 39 46 51 0 0 0 0 0 9 66 44 0 0 0 0 47 28 0 14 43 52 40 0 74 57 14 0 0 35 39 22 63 16 45 72 51 21 39 0 0 73 23 62 12 29 26 0 32 64 0 0 22 0 0 38 12 44 50 33 36 17 0 9 55 8 31 0 56 0 51 68 0 0 0 0 48 61 0 13 0 0 0 0 0 68 27 7 0 28 49 0 8 66 46 0 0 0 0
0 43 0 0 35 14 0 47 67 69 67 14 13 47 46 72 0 40 15 38 20 50 0 11 73 0 72 63 11 58 26 0 0 0 66 46 49 67 55 41 0 52 0 41 0 0 0 0 14 0 52 0 68 22 45 64 58 49 52 11 35 0 0 37 58 41 31 52 0 0 37 70 11 13 27 19 0 39 66 66 47 42 0 15 0 0 61 72 53 65 47 31 62 40 12 60 70 0 55 48
0 42 50 27 61 0 45 45 17 57 25 10 0 0 6 40 38 0 6 52 48 11 0 24 43 0 57 50 0 66 0 31 0 60 27 0 57 50 17 54 65 19 25 27 52 42 60 0 14 66 6 54 10 12 60 0 20 44 0 24 0 32 39 15 0 13 22 22 37 0 0 23 70 68 0 7 0 50 63 0 34 0 25 52 0 44 42 8 38 0 0 59 0 33 0 0 50 28 38 74
71 0 22 0 0 0 21 30 0 73 14 49 12 0 19 20 0 70 0 0 0 21 62 16 56 0 0 35 0 53 54 0 42 0 46 21 0 39 16 30 21 0 51 72 51 45 0 24 23 0 24 41 22 0 22 0 34 18 0 13 16 10 62 64 0 0 25 0 40 52 55 23 0 57 44 63 0 43 30 43 17 15 0 0 57 19 8 0 0 72 29 74 9 31 13 35 73 39 0 62
0 47 32 0 35 8 40 63 10 27 30 51 72 26 0 66 70 70 0 0 48 59 69 0 43 0 0 45 0 28 20 0 68 0 0 42 60 0 0 26 18 0 66 0 42 0 0 48 0 46 59 15 74 7 0 16 51 73 48 0 0 34 28 36 50 46 0 0 0 60 0 0 17 0 59 0 0 0 0 26 0 54 17 0 61 11 53 46 24 0 22 24 0 70 68 73 53 69 21 47
47 8 36 10 25 54 48 18 55 72 46 61 0 70 42 16 7 25 44 51 0 57 14 0 46 0 36 24 11 62 44 0 0 41 21 15 47 0 0 27 53 26 0 74 0 35 0 9 70 68 56 39 13 15 54 50 64 73 23 0 0 68 53 0 0 64 7 64 0 44 49 63 15 25 0 64 0 0 15 60 64 0 51 0 33 21 7 29 16 26 57 60 74 17 50 0 9 55 0 48
16 17 53 29 45 45 58 29 50 67 67 16 60 31 26 68 75 23 6 36 0 0 42 0 14 13 44 9 20 0 63 0 14 23 42 12 51 54 7 38 0 21 36 0 15 74 71 28 40 49 21 38 46 33 0 35 52 12 13 0 64 0 0 15 16 63 41 36 28 11 64 20 0 36 8 75 0 23 71 6 0 0 0 45 20 55 0 7 0 65 0 0 0 0 0 0 50 0 48 41
29 10 46 62 0 28 49 8 36 26 0 16 0 0 33 55 25 27 0 25 69 9 0 35 19 36 40 7 19 5 0 0 54 20 64 8 21 59 23 0 6 53 0 46 0 0 32 18 0 63 75 53 0 0 0 11 62 47 6 0 8 0 62 25 30 68 60 0 49 23 47 31 0 72 0 45 25 0 0 0 40 47 0 61 0 60 71 21 53 8 0 40 0 0 68 0 29 11 0 27
69 0 75 17 0 24 57 51 55 75 53 49 0 9 0 0 0 0 54 46 0 0 57 0 12 48 0 58 0 61 20 12 0 45 0 0 65 36 0 0 28 0 9 17 17 41 12 36 29 43 29 41 0 52 44 54 66 0 19 0 59 17 0 52 0 19 0 0 56 57 58 0 0 33 53 28 52 26 22 5 17 5 6 0 0 22 38 11 27 31 28 50 46 55 51 52 44 8 44 70
57 0 21 52 48 64 66 12 0 0 47 22 0 11 17 50 0 0 0 0 32 6 30 0 0 20 57 0 74 0 41 47 0 0 59 14 0 72 46 46 14 13 71 0 74 60 45 31 0 6 14 66 0 0 0 32 44 0 31 44 7 57 0 54 35 0 27 43 58 37 0 20 69 65 63 0 27 6 67 20 0 41 9 30 7 0 70 30 0 43 64 0 0 0 0 48 31 58 39 73
0 73 29 0 0 31 66 18 68 53 26 40 0 34 0 45 56 34 55 47 8 69 42 39 22 0 0 0 71 0 9 63 74 34 36 48 0 73 7 0 46 27 24 17 0 30 0 14 36 0 14 0 55 0 0 66 65 0 0 18 0 21 20 0 0 73 0 64 17 31 19 0 71 20 48 0 32 51 17 54 43 28 73 19 43 0 0 0 9 52 29 29 13 0 14 0 54 0 70 5
67 58 0 28 0 0 53 63 0 0 31 70 0 15 27 65 23 22 0 65 70 65 16 14 30 0 0 60 16 21 39 62 11 0 52 29 65 0 0 40 0 60 0 0 0 0 0 26 0 44 21 34 0 39 65 41 7 59 0 29 60 0 41 53 0 35 15 0 43 23 39 8 36 52 0 37 35 41 0 12 7 33 48 0 13 73 42 49 0 0 72 11 0 0 53 0 10 10 72 0
0 0 0 6 62 0 36 0 26 0 69 0 15 44 16 37 69 54 75 34 65 68 0 0 71 0 33 0 8 55 61 23 7 0 9 35 57 60 67 54 39 57 0 57 0 24 32 0 26 31 73 67 0 46 74 27 73 6 69 15 0 27 65 53 63 58 15 45 28 13 23 55 0 8 0 62 12 10 6 33 18 0 46 0 0 25 42 71 20 72 30 59 20 0 6 0 11 0 0 0
31 48 37 15 21 62 46 0 44 56 15 67 57 29 14 13 25 57 65 0 0 58 55 0 24 31 8 0 0 24 0 8 36 42 55 44 66 0 42 50 30 25 21 50 34 0 71 27 60 42 65 0 0 0 45 55 0 18 53 33 45 72 0 46 10 13 50 51 19 25 49 69 28 35 14 75 70 0 0 15 16 70 7 60 13 8 0 0 13 28 31 0 0 24 0 49 0 27 0 0
36 0 0 8 16 0 34 0 0 64 22 13 42 73 0 19 36 8 29 73 61 72 0 8 56 0 66 0 0 0 35 58 34 65 0 0 34 72 0 55 16 43 52 35 43 70 13 7 66 0 0 52 0 15 64 54 10 0 69 72 55 0 73 0 28 28 0 62 71 0 67 0 52 19 70 46 19 0 0 17 6 66 28 37 19 67 12 39 0 20 0 69 0 75 62 22 21 64 30 44
68 67 27 31 74 67 45 42 0 42 0 30 0 25 0 0 27 56 62 0 0 53 16 46 13 21 49 53 0 47 0 0 64 37 69 62 40 0 72 11 75 14 0 51 11 29 37 53 75 8 57 14 0 7 0 15 7 56 38 45 0 10 19 72 0 58 44 0 68 57 54 65 10 0 31 0 0 0 70 64 57 0 0 42 0 53 0 0 0 0 49 8 0 29 27 9 22 68 0 11
56 62 34 32 40 56 0 0 45 74 0 21 52 14 8 10 59 21 19 67 43 14 0 52 9 40 0 0 62 73 22 0 8 19 27 52 42 41 51 59 52 0 0 64 0 40 0 36 31 0 64 52 54 50 68 21 8 47 51 57 27 24 72 51 0 6 0 29 5 11 22 0 0 29 28 0 58 50 9 24 71 47 41 51 25 25 32 0 59 59 69 25 60 0 17 0 10 57 70 22
18 66 0 0 0 43 39 41 58 25 0 9 71 0 0 67 25 0 50 55 46 65 0 0 15 0 0 67 9 14 0 32 0 72 23 0 61 25 0 0 60 23 46 0 51 28 57 10 0 26 0 0 49 0 48 0 48 0 10 19 0 0 0 0 0 45 54 0 51 56 41 30 33 61 21 26 0 34 17 0 0 0 50 18 5 0 30 64 49 35 8 42 47 0 0 0 0 0 74 61
23 33 60 17 0 0 24 0 20 12 49 26 33 46 30 0 45 23 17 47 0 52 0 52 0 0 42 0 23 62 0 17 0 0 21 24 0 0 0 58 67 0 18 0 37 29 0 39 20 54 17 46 0 11 42 0 10 36 56 46 41 0 0 0 34 59 9 69 75 38 0 0 70 30 33 36 41 0 0 47 5 21 0 0 0 21 42 16 15 69 0 37 62 0 73 31 0 18 0 14
38 60 0 53 69 0 63 14 59 37 0 74 0 68 0 7 0 6 15 0 66 10 33 35 57 37 0 39 34 65 8 68 36 36 0 12 0 71 30 64 0 43 70 37 59 25 52 16 0 14 0 21 0 17 0 0 0 0 41 0 0 53 58 31 0 56 0 0 53 5 0 0 62 0 57 44 58 42 23 0 0 0 16 0 0 22 0 0 0 25 66 50 27 57 23 47 43 67 51 0
0 0 73 0 0 6 65 0 0 34 25 52 0 63 74 0 9 23 0 33 0 54 28 53 29 0 56 0 16 39 30 0 48 34 0 0 30 27 52 39 63 6 0 52 0 7 68 29 0 0 68 55 22 0 50 35 0 25 0 12 12 66 28 72 72 0 38 23 39 28 0 0 0 0 71 0 0 63 32 6 0 58 69 0 0 61 37 15 68 70 53 0 26 17 0 19 0 6 18 0
32 16 24 41 55 45 28 68 0 16 0 0 40 0 0 0 0 72 0 49 8 69 0 0 64 55 70 46 73 56 0 0 0 8 54 46 0 22 29 8 57 0 0 16 0 31 0 0 50 30 30 66 25 71 0 15 0 36 5 69 52 65 5 0 33 40 0 56 56 50 8 45 48 0 24 70 28 34 48 41 62 0 25 17 16 0 61 49 0 0 0 47 30 58 43 51 52 0 0 63
0 45 50 0 0 0 69 0 39 0 0 0 41 16 7 0 70 64 35 54 0 0 0 0 0 0 0 24 0 46 72 56 39 0 0 0 51 0 11 45 0 7 64 17 29 63 39 70 0 0 25 65 17 27 27 0 0 0 0 25 21 0 73 0 9 67 0 63 66 74 5 5 0 0 68 74 0 50 0 37 32 0 26 0 67 0 63 34 16 44 7 0 30 63 0 0 0 60 20 0
70 0 10 51 35 73 35 0 46 0 0 62 8 0 0 29 0 0 48 69 58 0 0 0 0 0 0 21 0 0 0 7 0 0 17 23 43 15 0 0 36 0 68 74 0 0 0 0 0 36 0 0 0 52 0 61 20 0 0 67 43 14 22 65 30 7 0 48 0 17 57 0 8 0 50 51 0 53 58 40 68 6 66 32 0 23 0 0 57 0 32 0 70 0 9 61 0 23 0 71
6 0 21 71 0 29 64 0 47 53 39 34 68 0 38 0 0 64 0 50 0 72 18 0 51 63 13 71 68 8 0 66 33 0 0 0 40 0 42 0 22 50 27 0 0 5 0 57 32 69 0 28 72 0 72 40 0 15 44 0 63 45 67 0 11 50 61 18 18 24 17 0 0 29 55 66 64 51 21 47 65 0 37 0 49 27 61 52 0 57 14 0 18 0 0 21 0 61 57 24
29 56 68 0 33 63 36 30 15 55 32 0 37 65 20 37 44 0 0 0 0 0 0 44 35 67 28 74 0 45 48 0 6 63 54 54 0 29 30 67 0 0 0 0 19 32 0 32 13 16 69 5 0 0 47 60 25 0 0 0 74 11 53 0 0 66 0 54 48 0 14 0 49 65 62 43 29 47 46 0 0 0 0 71 0 29 35 0 11 60 54 9 18 55 17 49 38 55 16 0
10 12 0 65 53 46 62 0 59 0 0 29 16 0 37 0 0 48 6 25 56 33 36 20 0 42 45 68 5 0 67 55 0 0 0 0 23 15 0 0 0 0 30 63 22 73 30 16 0 64 44 56 0 0 30 31 58 0 51 52 0 42 73 33 0 18 48 26 0 65 61 60 70 50 67 65 0 0 15 0 28 18 0 63 63 0 27 22 74 26 36 47 67 0 58 22 42 27 66 0
55 0 31 63 43 0 0 29 0 0 0 50 67 25 0 0 9 56 0 0 20 24 57 36 56 48 37 0 47 66 59 0 0 0 15 0 0 50 56 45 55 41 0 21 30 63 0 0 10 12 0 55 42 63 30 61 74 41 40 0 38 49 10 44 0 63 6 0 55 0 55 0 64 8 20 0 44 0 15 38 8 50 0 0 0 56 10 0 0 24 11 33 0 36 10 51 54 67 70 9
16 46 0 64 28 64 0 28 61 0 29 58 8 49 24 73 59 0 0 55 11 0 32 0 30 0 60 55 36 38 30 0 21 43 38 0 36 56 0 65 0 0 61 0 45 0 35 35 22 69 0 61 0 0 29 41 16 0 27 34 6 69 48 6 0 7 0 0 67 38 0 65 75 0 13 0 0 41 0 0 0 29 39 8 27 67 9 7 0 7 59 0 52 66 26 73 17 21 51 46
9 44 59 0 53 35 57 0 63 59 44 8 0 71 9 0 23 38 46 7 0 0 0 31 48 49 50 6 0 0 17 66 15 67 9 16 40 41 34 0 34 60 72 0 0 0 0 23 31 0 52 71 0 28 48 67 23 33 0 37 0 40 64 57 24 64 43 0 60 0 0 0 73 0 0 36 0 0 0 22 0 64 0 0 46 44 18 10 0 0 0 14 7 0 0 0 11 54 6 16
0 0 30 26 53 42 65 49 58 13 49 0 48 0 0 0 0 0 55 0 0 12 24 6 56 46 0 46 73 20 6 0 0 51 0 41 39 0 73 42 52 12 0 33 23 0 68 11 63 23 23 0 0 72 7 0 13 68 74 31 61 0 58 65 32 37 0 20 12 52 35 55 65 34 0 29 20 0 0 22 0 0 50 15 0 10 63 0 52 15 64 62 62 30 38 65 36 7 0 51
33 14 63 0 38 18 60 57 70 9 66 0 0 0 0 0 32 0 27 0 49 0 0 32 28 58 60 0 26 0 0 61 11 55 19 29 47 67 0 58 41 0 21 8 59 35 0 0 0 44 0 7 20 7 36 23 5 37 0 0 23 26 40 47 0 0 72 0 22 22 60 5 75 13 50 0 47 22 41 47 0 27 66 0 22 74 38 19 0 0 73 48 0 33 0 34 60 36 59 0
24 62 47 35 31 0 11 16 17 70 0 64 13 22 56 33 0 54 55 49 0 0 37 47 72 64 41 66 38 75 5 55 53 48 70 36 37 0 0 63 54 34 0 52 66 18 41 0 30 0 19 10 20 63 0 0 42 54 0 50 0 50 39 27 16 20 51 58 30 0 48 0 0 61 0 55 0 7 40 59 15 7 56 26 58 20 8 50 0 14 62 59 0 73 74 18 53 62 16 0
47 69 55 0 29 59 69 60 0 0 15 42 0 0 65 39 70 73 56 0 31 28 58 33 39 22 57 0 57 0 11 0 0 51 21 59 0 47 0 39 0 25 31 0 0 60 52 0 0 75 54 0 23 0 0 35 0 19 27 30 0 0 61 0 62 0 12 21 25 56 5 12 38 0 65 31 31 0 52 8 0 71 73 0 0 14 30 0 51 26 69 65 22 40 38 58 0 25 53 0
59 32 0 29 73 26 66 13 72 18 0 41 5 8 7 0 49 62 0 33 72 0 73 22 46 20 0 0 63 11 53 8 35 7 49 15 75 55 18 0 0 0 0 0 0 57 53 63 32 0 43 0 42 67 0 6 58 57 0 47 40 61 0 60 0 64 22 75 62 30 12 39 67 13 25 67 53 0 0 0 0 40 73 71 25 32 37 72 17 22 50 63 0 0 51 0 18 59 0 56
33 17 12 45 32 0 55 0 71 55 64 71 22 0 61 60 0 17 16 70 23 41 33 0 0 31 20 37 0 73 30 0 28 0 10 59 43 67 42 60 33 0 23 0 0 43 50 72 0 0 0 53 66 10 0 53 64 0 16 24 40 35 25 38 53 36 0 0 39 0 67 8 12 73 0 0 0 23 40 10 72 29 30 30 74 26 61 39 50 40 26 0 73 0 41 29 0 7 66 0
0 31 43 5 0 67 47 0 61 0 28 44 0 14 22 34 0 17 57 0 50 39 60 0 34 48 17 33 29 44 0 60 0 0 0 0 21 11 70 0 14 51 36 65 31 9 41 0 20 0 0 0 13 0 14 10 44 41 0 0 72 0 37 65 20 50 0 5 70 8 75 70 14 0 0 16 35 13 68 0 51 52 72 0 0 50 57 56 0 50 6 22 34 71 56 56 51 40 67 26
28 33 0 33 0 72 50 72 34 15 57 0 15 53 49 42 37 64 0 72 12 64 41 74 0 70 0 0 38 16 0 52 0 53 41 61 37 30 0 28 6 43 37 73 0 13 60 39 73 0 68 0 0 16 6 39 36 21 0 19 70 61 69 24 0 0 14 13 51 0 0 7 0 36 71 0 0 41 0 50 38 58 47 38 33 0 15 0 13 0 19 53 38 63 44 0 63 0 0 54
37 18 22 0 38 46 66 0 64 55 51 0 7 0 10 53 61 43 40 0 54 0 63 72 37 0 13 73 23 24 0 0 68 51 0 25 0 46 0 0 0 23 32 16 30 65 13 0 0 9 41 10 23 0 7 62 39 8 74 50 45 15 0 0 0 0 0 60 0 59 24 0 0 69 24 0 17 0 31 22 48 30 12 17 49 12 0 0 43 53 60 55 54 0 0 25 40 8 28 53
63 0 0 72 29 27 45 46 0 38 35 61 13 58 0 44 51 31 0 0 37 50 48 40 0 36 6 13 44 59 15 22 55 30 53 0 51 21 42 0 42 0 0 7 0 66 10 0 17 60 69 59 0 73 0 59 13 0 0 62 0 0 0 0 49 6 64 0 70 42 28 72 0 48 45 0 0 0 12 0 0 0 28 0 57 5 0 71 63 63 29 16 53 0 16 0 0 48 46 30
0 66 0 40 0 17 32 0 59 14 35 49 51 63 20 56 19 61 0 0 0 72 29 28 0 0 7 69 19 0 0 14 14 0 0 0 24 33 32 68 71 29 0 0 44 28 25 0 48 0 60 13 0 0 64 0 0 57 0 0 42 64 0 0 0 43 0 17 57 17 33 0 13 41 34 45 0 0 5 11 52 0 17 17 53 28 47 33 0 23 37 31 21 31 65 8 36 30 75 0
16 0 67 34 34 41 16 54 0 52 0 21 0 71 17 31 15 65 31 39 14 64 0 17 0 40 39 5 18 0 0 41 23 0 19 15 25 40 0 37 63 23 49 49 33 0 45 62 17 74 74 18 54 0 0 18 0 6 10 45 51 0 31 63 43 62 5 0 54 32 50 0 31 35 66 42 0 0 55 7 61 65 8 62 17 53 0 43 0 0 17 32 16 39 49 25 0 62 0 0
0 0 0 0 37 0 36 34 8 10 0 7 57 23 14 0 23 8 56 64 0 43 14 21 32 0 68 0 57 12 49 50 34 0 18 67 0 44 0 69 60 0 17 0 49 52 36 51 9 58 12 73 27 20 0 0 0 0 55 0 71 14 17 29 9 15 0 0 10 0 48 0 0 0 62 50 19 39 67 0 0 0 73 0 58 66 34 12 23 35 51 59 51 0 30 6 12 0 68 69
21 8 50 55 23 24 0 22 73 0 0 38 45 23 62 43 0 11 40 68 26 44 28 32 75 0 0 49 0 50 7 65 40 28 64 73 0 51 22 64 73 17 0 34 30 71 69 0 29 62 8 0 22 0 26 0 7 0 0 31 0 0 59 22 41 0 0 29 0 57 0 9 9 0 47 26 32 62 49 39 0 73 32 63 47 24 19 0 56 69 56 58 23 41 69 71 22 60 0 13
0 32 0 19 0 26 16 35 0 65 66 44 41 30 21 0 6 0 66 62 70 0 7 72 16 0 0 0 36 49 29 0 73 0 7 37 13 0 54 23 20 0 15 54 36 0 0 19 74 74 73 19 0 0 43 0 63 64 14 0 0 62 0 33 42 0 57 0 12 0 59 0 48 9 71 0 21 55 54 46 9 23 52 27 22 37 24 47 0 55 0 56 34 57 55 9 46 70 0 23
9 0 73 56 75 0 69 42 47 9 63 73 6 11 20 0 50 6 0 13 32 16 22 43 0 0 53 0 32 0 18 0 33 16 39 0 0 18 0 0 0 46 26 0 37 9 6 73 61 0 12 0 37 0 40 67 10 41 39 43 0 5 59 6 0 0 0 73 52 33 71 26 36 22 0 0 63 59 0 42 74 0 66 54 50 34 0 41 70 58 14 0 26 7 70 0 48 47 61 0
55 62 41 0 63 49 13 13 26 0 47 22 70 58 0 45 0 51 58 25 13 18 59 52 8 28 0 21 62 0 39 0 64 48 41 0 26 49 0 0 72 46 43 0 56 23 56 0 36 0 45 0 42 68 0 44 0 70 60 34 17 0 0 60 0 0 9 0 16 33 45 0 50 9 0 38 0 62 0 8 20 0 11 51 7 60 59 74 7 9 64 32 36 69 0 19 35 32 66 53
0 0 5 0 69 17 63 17 0 44 39 67 16 7 62 36 0 13 38 33 74 0 54 0 0 63 69 0 0 45 73 72 10 35 38 14 37 38 0 38 7 19 51 50 9 24 0 0 0 64 48 32 0 0 58 0 42 0 0 59 0 71 0 61 71 0 16 15 40 61 0 0 56 52 72 34 54 9 13 40 29 0 16 23 56 0 0 0 61 21 42 53 0 0 0 0 11 57 0 0
33 0 53 0 54 0 35 0 28 63 74 0 67 61 21 0 35 68 0 48 23 18 45 0 0 5 7 55 0 70 55 41 23 0 27 21 70 0 17 19 0 35 21 0 0 0 71 0 0 72 54 44 45 0 44 66 54 0 68 0 45 12 18 0 0 0 70 52 68 31 65 67 0 74 13 15 0 38 43 34 17 8 44 11 28 0 0 20 70 21 0 0 58 72 74 0 59 68 50 0
55 12 20 56 0 19 64 49 66 68 0 0 8 72 70 70 5 0 0 52 0 56 29 73 50 63 29 0 16 38 38 0 73 7 0 57 39 0 15 36 48 39 53 0 0 57 28 0 0 0 40 0 0 0 10 0 0 75 0 24 16 0 75 58 0 55 32 20 5 17 0 37 0 0 40 10 56 39 53 25 70 5 0 74 48 0 75 17 10 21 55 68 30 0 67 70 0 50 0 0
0 26 34 53 36 41 0 0 36 20 34 0 27 13 0 33 9 48 60 73 30 0 0 0 0 67 52 44 23 70 8 28 57 0 22 0 51 52 0 66 71 75 71 42 53 57 0 0 70 0 58 55 58 52 63 54 36 0 41 53 61 21 67 0 0 0 21 57 57 36 0 0 56 28 7 62 29 6 74 24 52 0 0 17 60 53 36 0 0 0 68 0 69 39 18 13 0 59 61 0
0 34 49 63 54 10 39 0 48 6 41 26 22 38 0 0 65 62 0 0 57 65 30 0 0 41 0 20 42 36 53 0 14 19 40 0 15 39 57 5 20 13 27 25 62 42 0 11 0 67 64 0 0 33 0 59 9 20 22 45 7 50 5 28 17 0 0 0 29 23 33 12 0 42 17 40 0 33 6 67 63 0 9 64 65 69 0 11 0 0 0 27 70 71 30 72 61 0 11 5
9 34 0 18 52 56 16 38 25 0 28 0 14 0 41 72 73 54 27 0 0 0 0 41 49 0 11 10 64 71 20 51 34 10 35 61 32 70 64 28 56 10 59 0 8 27 0 57 12 45 64 22 43 34 18 54 0 24 34 48 8 6 74 58 28 37 12 0 32 0 50 57 52 37 23 49 10 52 6 0 29 0 0 9 10 29 26 64 0 43 0 69 0 0 0 0 0 34 0 0
37 10 21 26 60 61 0 14 38 0 32 23 65 19 23 52 14 7 0 72 0 9 0 0 0 61 56 43 0 26 0 16 54 16 71 0 0 42 0 0 70 53 59 73 0 0 37 62 0 0 63 68 20 0 15 11 40 55 0 35 0 34 0 23 0 51 71 0 0 37 13 7 0 54 39 0 0 35 57 0 73 63 63 0 30 0 47 0 11 33 0 21 50 0 67 0 73 46 0 24
0 61 51 0 22 0 56 0 23 50 0 67 34 0 9 66 59 70 0 45 0 38 0 20 32 31 0 0 0 74 50 51 61 72 0 60 6 35 24 34 21 42 55 23 57 38 64 0 20 33 0 23 0 23 0 41 25 75 56 35 0 54 28 47 24 0 0 38 0 0 0 0 0 50 19 30 15 67 38 9 22 28 0 30 10 8 0 44 65 0 47 11 27 34 9 40 33 53 0 49
43 0 0 64 36 29 71 33 36 0 0 0 62 15 12 17 43 24 18 75 30 0 56 35 52 52 40 53 45 10 0 0 10 0 0 64 0 48 0 24 0 38 0 0 37 72 15 63 60 56 37 0 62 0 7 0 59 31 0 21 0 30 0 12 0 0 0 17 62 49 0 0 66 64 30 5 0 61 61 0 66 28 62 0 0 0 66 0 0 74 0 29 0 44 8 75 0 61 0 0
0 17 34 0 0 0 0 26 0 6 40 69 0 0 59 66 59 16 0 75 0 58 6 72 0 59 57 0 0 0 64 9 9 20 62 0 69 0 0 0 58 0 0 0 67 0 45 45 52 10 61 46 0 18 37 13 41 0 23 18 5 43 7 20 6 0 0 18 35 0 47 0 27 24 28 0 62 0 48 73 0 58 0 34 0 0 34 39 0 14 16 18 25 51 0 0 24 15 17 13
71 6 70 0 13 0 0 5 57 0 0 49 56 36 0 11 0 22 43 15 0 31 63 48 23 69 58 7 40 60 18 58 14 21 0 69 44 66 44 54 0 67 71 67 58 41 67 0 19 17 75 70 0 69 33 37 61 57 25 28 0 53 0 0 16 17 15 40 7 39 0 72 0 59 22 65 0 58 60 39 0 0 74 0 7 60 18 6 0 69 44 48 0 46 54 43 13 61 0 59
0 0 0 0 54 0 0 8 27 67 57 25 70 0 67 60 10 0 0 60 0 59 50 16 32 22 63 68 0 65 55 71 0 0 69 65 24 0 23 69 0 0 20 24 32 25 73 50 63 0 55 27 0 13 0 28 64 0 72 7 38 44 0 0 0 0 52 47 39 39 0 70 0 0 20 0 44 39 35 0 15 23 0 58 0 70 0 54 11 45 34 45 49 18 22 47 33 0 18 45
54 18 41 0 0 0 51 33 69 47 41 30 21 0 0 33 69 0 67 43 63 45 47 0 24 0 37 55 14 0 40 21 0 7 17 0 51 36 52 42 0 38 49 45 0 0 7 71 13 62 49 0 64 28 65 60 43 17 11 47 33 53 50 54 19 10 0 72 16 57 11 58 0 24 0 33 18 0 21 56 17 51 13 38 66 0 41 68 6 51 0 12 0 74 46 0 0 39 0 15 
49 65 62 0 45 54 45 28 31 43 0 66 0 0 70 56 74 73 10 36 17 7 61 17 33 68 0 0 62 0 0 0 53 0 0 0 71 6 0 45 56 32 55 65 20 47 61 48 33 39 37 29 0 0 0 69 68 0 46 22 53 0 28 13 0 0 20 72 0 0 20 12 25 54 0 0 48 63 44 34 16 0 74 63 68 26 41 40 73 75 0 67 11 0 0 59 0 57 64 0
39 46 22 0 58 0 0 55 46 0 70 18 0 41 71 53 49 73 0 28 58 9 0 21 20 46 46 9 72 27 18 74 0 23 74 0 74 18 72 0 40 32 58 8 73 44 0 20 25 0 0 19 0 43 69 41 15 0 27 51 0 32 50 30 16 31 38 28 14 0 0 49 74 43 60 0 0 73 0 0 0 33 0 7 71 10 0 26 0 0 41 63 0 31 0 30 14 75 46 0
0 0 75 0 42 61 60 0 17 5 34 63 21 24 71 12 9 0 0 0 15 6 0 51 21 74 21 34 73 56 13 65 19 28 33 45 61 0 0 7 0 0 16 29 64 57 0 0 54 0 51 0 0 53 31 46 10 34 23 21 0 52 57 0 15 0 66 0 59 24 70 17 50 14 42 43 34 0 0 0 75 0 10 0 0 69 0 0 0 47 42 21 29 61 34 20 0 29 67 9
0 17 0 11 68 50 25 0 73 39 0 0 52 23 46 67 52 44 0 57 38 0 0 33 45 0 49 0 43 45 53 6 58 0 42 0 29 8 32 63 0 7 47 68 45 12 33 0 17 0 34 0 66 37 0 0 0 51 36 48 19 0 46 47 29 68 45 24 22 15 48 0 18 13 46 43 57 0 0 0 0 40 20 71 33 48 36 66 0 61 51 69 40 0 25 31 73 66 75 14
0 57 69 46 26 0 0 0 70 0 71 17 18 33 35 0 55 0 56 17 55 36 73 11 13 30 31 22 44 30 61 0 41 9 6 12 24 18 59 17 21 73 20 35 31 32 6 40 0 14 42 0 0 0 8 62 0 29 41 0 7 0 0 42 0 23 32 0 75 37 23 0 29 55 0 54 20 0 27 0 0 24 56 0 0 53 48 73 55 14 40 23 36 23 63 16 33 21 14 69
43 0 45 25 8 37 0 64 54 17 62 71 48 0 15 74 0 0 67 0 0 0 58 26 0 60 38 44 49 28 31 19 13 48 0 36 27 0 65 54 0 15 0 47 20 25 5 38 56 47 35 0 36 62 55 49 0 57 0 67 60 0 0 31 66 16 48 14 38 61 9 34 0 13 0 0 57 0 32 24 0 8 24 40 62 0 0 16 19 11 0 52 0 54 40 59 0 73 0 0
9 0 47 57 48 15 64 32 0 41 71 68 35 9 72 32 15 0 0 41 23 59 14 29 45 16 0 0 32 38 17 39 0 11 64 63 34 7 28 0 13 47 66 74 39 35 26 24 58 49 0 55 0 67 67 0 12 8 0 55 0 8 15 69 60 70 69 36 60 0 20 30 52 0 27 0 0 40 59 0 0 0 40 20 0 0 67 0 35 38 67 46 56 49 0 0 42 0 67 0
15 49 46 55 54 43 15 24 0 12 68 59 33 20 50 68 70 44 70 47 38 36 32 53 30 45 0 70 35 52 31 53 58 37 41 0 0 64 0 49 0 69 0 59 56 23 64 60 0 0 57 0 0 60 7 37 5 50 43 0 56 58 28 0 0 0 0 36 60 0 11 6 7 26 53 39 68 16 0 0 0 19 0 0 17 8 64 24 61 32 0 60 0 0 64 46 0 55 16 0
10 34 27 27 0 0 72 71 17 47 66 66 0 0 53 72 11 25 0 0 52 70 0 0 69 9 50 70 36 30 20 0 63 58 61 30 0 43 0 0 61 10 0 69 0 0 0 45 66 20 0 11 51 0 39 71 70 0 0 0 11 55 8 0 22 57 0 71 23 6 35 46 61 0 0 11 20 39 8 48 49 46 45 0 7 38 0 54 0 11 23 32 31 13 26 34 74 0 0 40
59 0 0 12 37 51 21 59 65 26 0 14 0 44 0 0 0 0 66 40 0 14 0 33 38 69 38 0 0 31 0 21 0 74 0 25 0 49 65 70 36 68 0 27 0 0 0 23 50 0 0 23 30 0 0 0 75 22 0 40 0 63 20 35 0 50 59 58 74 7 57 0 0 72 46 0 12 0 0 31 0 0 20 0 0 0 10 0 0 55 33 31 53 0 16 0 0 70 42 33
44 74 0 14 74 21 25 46 0 0 62 0 14 32 0 35 43 40 27 0 0 64 70 38 0 31 5 42 52 69 37 56 0 0 44 59 25 56 42 0 54 0 0 29 63 43 34 32 6 25 48 56 10 0 59 51 26 44 0 0 0 11 63 0 60 0 0 12 30 52 44 24 52 63 65 54 69 0 39 21 16 7 0 71 13 0 0 28 28 0 45 0 0 70 0 27 0 32 21 40
0 35 11 0 54 11 0 0 49 34 20 64 0 59 34 14 41 0 6 49 58 28 0 0 71 0 55 69 7 20 0 38 0 0 75 58 0 41 9 34 0 0 39 39 39 0 22 0 0 0 62 0 65 0 0 41 0 0 50 14 0 0 43 70 72 48 39 0 5 72 32 0 54 64 10 0 0 35 46 0 40 68 14 12 29 59 0 55 0 15 12 18 0 0 56 15 0 26 0 56
49 75 7 29 17 18 0 0 0 17 56 36 0 0 65 0 9 9 38 0 39 43 35 37 68 40 53 57 9 31 41 21 75 47 63 0 34 45 65 9 0 73 0 15 0 0 25 18 0 20 68 46 28 18 12 0 37 0 0 42 18 0 67 0 25 0 0 60 14 72 0 25 0 40 63 40 34 68 63 47 63 71 69 60 69 53 0 0 27 0 41 61 0 9 0 10 38 0 55 0
56 69 53 53 14 63 59 11 0 10 38 0 0 64 16 0 24 73 0 34 20 15 10 28 36 0 0 25 12 0 52 27 18 31 16 15 28 0 0 0 38 0 28 26 0 31 18 71 24 66 0 0 27 51 15 48 19 33 62 0 57 57 0 0 40 47 0 0 0 32 48 16 22 9 0 65 0 24 0 46 0 42 61 20 55 0 20 25 0 68 8 64 0 0 11 0 58 0 0 57
51 71 65 0 36 0 0 66 45 0 0 13 0 68 48 50 0 0 16 63 66 39 0 59 0 0 0 0 0 59 46 27 6 10 0 29 41 69 32 62 0 0 0 0 0 10 0 47 8 35 51 71 39 19 8 34 72 0 31 30 17 8 0 0 34 28 22 40 69 0 56 57 0 0 0 15 69 9 30 62 10 14 57 5 12 0 20 0 0 0 0 42 72 0 0 43 24 0 57 26
42 63 55 9 27 5 63 0 0 40 0 14 0 12 37 62 35 0 16 35 39 0 67 27 0 0 0 53 0 0 27 0 0 68 0 53 0 13 37 22 51 0 53 0 58 65 22 0 32 0 0 32 6 0 47 14 38 0 0 17 48 48 12 0 55 0 11 0 6 56 56 13 43 73 47 40 36 29 0 0 70 12 38 43 28 0 0 63 10 0 0 24 22 50 32 71 34 0 43 34
69 0 25 35 0 66 9 51 40 0 0 69 22 71 74 17 54 0 19 0 72 24 0 13 47 37 0 0 28 43 0 0 44 42 0 31 63 58 55 50 8 8 0 0 43 41 71 54 48 13 18 0 9 0 72 19 66 10 0 14 64 12 26 11 41 9 15 28 10 40 33 8 19 0 19 34 20 30 31 39 0 28 0 70 54 47 0 25 0 0 65 0 29 17 0 11 0 59 6 25
21 41 0 0 19 16 18 9 41 0 0 50 29 0 55 0 0 0 28 72 8 0 0 39 61 0 68 39 58 8 33 0 57 18 14 26 0 0 0 51 0 71 0 68 27 5 0 22 7 73 59 36 63 0 49 0 50 50 58 0 36 10 26 48 54 69 72 48 25 57 0 0 9 0 13 47 15 58 7 19 73 24 0 66 8 32 67 43 62 10 0 30 0 65 0 52 0 21 15 51
16 26 0 17 41 46 0 23 52 59 28 51 42 60 12 70 65 0 63 16 72 5 22 24 54 41 33 31 52 51 0 0 14 33 47 0 71 0 12 62 21 0 0 72 57 10 0 25 33 67 8 10 69 11 29 72 35 72 6 50 23 32 35 0 0 0 0 9 8 7 0 75 13 16 5 19 44 0 57 58 47 6 26 26 0 74 0 35 9 34 40 0 58 0 30 6 30 0 0 67
63 57 73 0 73 21 69 14 59 12 48 54 49 41 55 0 38 36 0 0 41 0 64 0 31 0 48 5 31 67 0 75 47 70 0 0 50 55 0 31 24 12 35 0 0 74 0 0 9 20 53 65 53 23 71 57 0 0 53 13 35 8 59 52 7 41 53 28 60 49 0 0 7 72 53 7 42 67 51 63 44 0 70 60 43 20 0 57 22 22 49 0 73 59 0 0 70 52 50 0
9 0 0 0 27 71 27 29 38 45 0 0 0 59 42 25 23 74 0 58 59 63 0 36 65 9 0 73 0 0 20 0 28 72 49 8 30 0 72 54 28 16 0 65 0 57 0 0 63 63 75 53 9 17 17 27 0 0 0 26 45 0 71 62 0 0 52 0 0 31 0 18 33 0 23 0 58 10 0 20 44 30 16 57 66 0 41 0 34 42 0 23 9 15 74 0 13 0 0 0
0 46 14 11 35 22 74 22 0 33 14 24 18 0 0 49 35 37 0 53 0 48 0 0 58 0 0 0 56 0 74 75 71 63 0 45 9 10 39 15 0 0 0 45 43 0 0 55 0 49 69 72 0 0 0 35 15 21 69 22 46 7 0 44 74 14 10 42 62 0 0 0 0 48 46 0 53 0 7 0 19 64 0 72 74 0 66 0 11 20 19 51 5 67 0 44 0 7 40 0
21 62 0 0 6 39 0 35 47 64 10 74 31 12 56 8 70 0 27 0 30 0 10 0 56 63 56 0 23 19 0 12 12 53 63 0 41 0 13 28 20 0 47 55 21 0 35 68 10 50 31 68 0 67 0 59 0 6 31 74 29 0 0 44 21 63 47 0 37 0 58 66 28 61 29 14 52 53 10 42 0 32 17 0 70 5 7 54 34 33 74 0 32 60 0 55 0 0 36 0
9 24 48 0 51 39 0 59 44 71 49 42 15 0 35 61 42 10 0 33 31 40 71 0 41 25 9 21 39 67 0 45 0 68 67 56 67 20 42 0 0 19 68 49 28 68 0 12 62 55 26 67 39 0 0 41 0 0 41 0 16 0 40 41 16 35 0 0 67 55 0 40 41 25 16 16 0 0 27 48 18 50 44 64 0 70 50 48 75 0 71 0 0 0 0 0 38 7 0 19
60 57 65 0 61 13 0 0 0 0 72 74 29 37 72 27 0 0 0 41 41 0 48 8 0 17 61 18 41 51 60 59 61 0 0 43 0 22 32 40 0 67 5 52 52 27 25 65 68 0 56 27 0 70 0 63 15 0 34 0 0 0 44 11 64 0 75 30 46 73 17 0 0 0 0 62 72 0 62 58 0 23 43 35 0 0 48 43 28 22 50 0 20 65 40 38 0 36 27 0